
0003 0035 00000295

0003 0036 00000603

0003 003a 000000d0

0000 0000 00000000

0003 0039 ffffffff

0000 0000 00000000

0003 0039 00000018

0003 0035 0000029d

0003 0036 00000042

0003 003a 000000bb

0000 0000 00000000

0003 0039 ffffffff

0000 0000 00000000

0003 0039 00000019

0003 0035 0000025e

0003 0036 00000304

0003 003a 000000cb

0000 0000 00000000

0003 0039 ffffffff

0000 0000 00000000

0003 0039 0000001a

0003 0035 00000340

0003 0036 00000036

0003 003a 0000007c

0000 0000 00000000

0003 0039 ffffffff

0000 0000 00000000

0003 0039 0000001b

0003 0035 00000245

0003 0036 000001fd

0003 003a 000000a8

0000 0000 00000000

0003 0039 ffffffff

0000 0000 00000000

0003 0039 0000001c

0003 0035 00000084

0003 0036 00000547

0003 003a 000000ce

0000 0000 00000000

0003 0039 ffffffff

0000 0000 00000000

0003 0039 0000001d

0003 0035 00000480

0003 0036 0000056e

0003 003a 00000096

0000 0000 00000000

0003 0039 ffffffff

0000 0000 00000000

